1554670228 49
1554754572 2204
1554754626 2214
1554755998 5054
1554825451 6820
1554999656 6820
1555203533 6966
1555271827 6966
1555302144 79977
1555307175 80918
1555342900 80992
1555346091 81067
1555354136 85434
1555354659 100756
1555354725 100756
1555354753 100958
1555562463 101378
1555562589 210531
1555562710 210576
1555601316 211359
1555604431 211362
1555606961 211422
1555607027 211560
1555607107 211563
1555650855 211705
1555725296 219792
1555736805 226445
1555736833 173946
1555737386 173946
1555827986 175498
1555891627 164543
1555891691 150850
1555891924 150851
1555892260 150776
1555892455 150564
1555898630 152360
1555953669 152466
1555953687 150982
1555957292 152645
1555957373 153113
1555957492 153113
1556033345 153101
1556033379 158841
1556039109 161254
1556414030 161288
1556480582 161327
1556483980 162122
1556484125 162122
1556489873 162206
1556499543 180682
1556508631 180692
1556511296 180714
1556511329 184674
1556512766 185227
1556512790 185224
1556567081 186288
1556573922 210360
1557109699 210827
1557261099 210818
1557261338 210812
1557279861 210839
1557281764 210920
1557289000 210797
1557330171 211350
1557330202 212157
1557356364 214744
1557377419 215177
1557377531 215693
1557435880 217942
1557460642 217371
1557525367 217683
1557532592 217748
1557532606 217800
1557538590 217742
1557538626 218016
1557539119 215918
1557539846 215938
1557539855 215954
1557541678 215950
1557542118 215867
1557545200 215867
1557546275 215866
1557546299 215862
1557546348 215870
